0 0.85625 0.33359375 0.14375 0.3265625
0 0.80234375 0.790625 0.159375 0.3484375
0 0.53515625 0.31953125 0.059375 0.1109375
0 0.471875 0.15546875 0.05 0.11875
0 0.41953125 0.22421875 0.05 0.0953125
0 0.47109375 0.403125 0.0640625 0.1171875
0 0.4 0.53828125 0.04375 0.08125
0 0.4328125 0.61015625 0.0484375 0.078125
0 0.3484375 0.80625 0.0484375 0.0765625
0 0.3734375 0.915625 0.0484375 0.09375
0 0.28828125 0.72890625 0.05 0.0890625
0 0.33515625 0.29375 0.0390625 0.0828125
0 0.32890625 0.4375 0.05 0.090625
0 0.27421875 0.59609375 0.05625 0.10625
0 0.22109375 0.78125 0.05625 0.1078125
0 0.1734375 0.88203125 0.0484375 0.078125
0 0.1875 0.5546875 0.0453125 0.078125
0 0.18671875 0.4328125 0.05 0.09375
0 0.228125 0.36328125 0.065625 0.1109375
0 0.25390625 0.48125 0.0453125 0.0953125
0 0.2484375 0.1734375 0.046875 0.1046875
0 0.309375 0.203125 0.05 0.0953125
0 0.209375 0.19921875 0.05 0.109375
0 0.2640625 0.03671875 0.046875 0.0734375