0 0.8296875 0.2859375 0.10078125 0.31484375
0 0.83984375 0.74609375 0.11328125 0.33671875
0 0.509375 0.31640625 0.0453125 0.10546875
0 0.42421875 0.1625 0.03359375 0.115625
0 0.38203125 0.23828125 0.03828125 0.09140625
0 0.4578125 0.4078125 0.0484375 0.1109375
0 0.40625 0.5515625 0.03359375 0.0765625
0 0.44921875 0.61875 0.03828125 0.07421875
0 0.3921875 0.82421875 0.03828125 0.071875
0 0.4328125 0.92890625 0.0359375 0.0890625
0 0.321875 0.75625 0.03828125 0.084375
0 0.3078125 0.31875 0.02890625 0.0796875
0 0.321875 0.46171875 0.03828125 0.08671875
0 0.28984375 0.6265625 0.04296875 0.10078125
0 0.26328125 0.8171875 0.04296875 0.103125
0 0.2296875 0.9234375 0.03828125 0.07421875
0 0.1984375 0.59765625 0.0359375 0.07421875
0 0.18046875 0.47734375 0.03828125 0.0890625
0 0.21171875 0.40234375 0.05078125 0.10546875
0 0.25390625 0.515625 0.03359375 0.09140625
0 0.20546875 0.21171875 0.03359375 0.10078125
0 0.2703125 0.2328125 0.03828125 0.09140625
0 0.1703125 0.24296875 0.0359375 0.10546875
0 0.20078125 0.06015625 0.03359375 0.0984375