0 0.821875 0.2484375 0.125 0.36328125
0 0.821875 0.69921875 0.11328125 0.3296875
0 0.51796875 0.69375 0.04296875 0.11328125
0 0.4515625 0.59765625 0.04296875 0.125
0 0.4046875 0.44609375 0.03359375 0.09140625
0 0.43515625 0.3640625 0.040625 0.09140625
0 0.384375 0.17890625 0.040625 0.0984375
0 0.428125 0.07109375 0.03828125 0.09609375
0 0.31875 0.25 0.040625 0.09609375
0 0.328125 0.43125 0.03828125 0.103125
0 0.3234375 0.52890625 0.05546875 0.10078125
0 0.29921875 0.68515625 0.040625 0.1078125
0 0.37734375 0.771875 0.0359375 0.0984375
0 0.4265625 0.8421875 0.03828125 0.11796875
0 0.26328125 0.775 0.0453125 0.0890625
0 0.20078125 0.796875 0.040625 0.09375
0 0.20078125 0.93125 0.03828125 0.0890625
0 0.16328125 0.7609375 0.0359375 0.09609375
0 0.2078125 0.603125 0.05546875 0.125
0 0.17578125 0.5171875 0.0265625 0.0796875
0 0.25 0.478125 0.0359375 0.0984375
0 0.16015625 0.39453125 0.03359375 0.103125
0 0.25859375 0.209375 0.0359375 0.1078125
0 0.228125 0.08203125 0.0359375 0.09375
0 0.28984375 0.3640625 0.03828125 0.0984375
0 0.19921875 0.1765625 0.0359375 0.09375