0 0.7078125 0.228125 0.0578125 0.1390625
0 0.790625 0.2484375 0.053125 0.1390625
0 0.61875 0.3125 0.0671875 0.12265625
0 0.640625 0.61328125 0.0359375 0.0671875
0 0.78828125 0.459375 0.0578125 0.1390625
0 0.7859375 0.671875 0.06484375 0.14921875
0 0.771875 0.8375 0.0625 0.09609375
0 0.3453125 0.60234375 0.08671875 0.15859375
0 0.1984375 0.603125 0.0765625 0.1609375
0 0.36171875 0.26796875 0.084375 0.1390625
0 0.2015625 0.43359375 0.0671875 0.125
0 0.2671875 0.46015625 0.0453125 0.0984375
0 0.428125 0.4421875 0.02890625 0.0484375
0 0.52421875 0.4640625 0.0265625 0.05546875
0 0.509375 0.4171875 0.02890625 0.0453125
0 0.515625 0.3453125 0.0265625 0.04296875
0 0.5296875 0.2453125 0.02421875 0.04296875
0 0.85703125 0.93046875 0.06015625 0.1390625