0 0.68515625 0.16328125 0.2671875 0.3265625
0 0.87578125 0.54453125 0.2421875 0.346875
0 0.5984375 0.66796875 0.0875 0.1203125
0 0.49765625 0.60859375 0.0921875 0.13125
0 0.390625 0.49140625 0.06875 0.096875
0 0.38359375 0.40390625 0.075 0.1
0 0.259375 0.2578125 0.078125 0.10625
0 0.25390625 0.14140625 0.075 0.103125
0 0.2296875 0.35 0.078125 0.1046875
0 0.31484375 0.51015625 0.078125 0.109375
0 0.35234375 0.60078125 0.0921875 0.1140625
0 0.39609375 0.75234375 0.0828125 0.115625
0 0.50390625 0.7984375 0.0734375 0.1046875
0 0.578125 0.84140625 0.084375 0.1234375
0 0.4015625 0.84921875 0.078125 0.1
0 0.35390625 0.8953125 0.0765625 0.1015625
0 0.4109375 0.984375 0.071875 0.03125
0 0.30546875 0.87890625 0.0734375 0.1015625
0 0.27890625 0.7171875 0.103125 0.1375
0 0.21328125 0.65234375 0.0578125 0.0828125
0 0.2640625 0.5859375 0.0734375 0.1046875
0 0.14765625 0.54765625 0.0734375 0.1078125
0 0.15859375 0.33828125 0.078125 0.1125
0 0.07734375 0.2359375 0.071875 0.1
0 0.25234375 0.465625 0.0765625 0.1046875
0 0.090625 0.33359375 0.071875 0.1