0 0.1421875 0.465625 0.0671875 0.125
0 0.4015625 0.31171875 0.0609375 0.0984375
0 0.48359375 0.48125 0.05 0.084375
0 0.5265625 0.9390625 0.065625 0.121875
0 0.1265625 0.7953125 0.078125 0.1109375
0 0.04921875 0.7921875 0.0984375 0.13125
0 0.03984375 0.609375 0.046875 0.084375
0 0.175 0.6953125 0.05 0.084375
0 0.36015625 0.79453125 0.040625 0.0734375
0 0.35390625 0.9 0.0484375 0.0890625
0 0.50859375 0.5546875 0.0375 0.0734375
0 0.4265625 0.5 0.046875 0.0984375
0 0.4734375 0.43046875 0.0421875 0.0796875
0 0.540625 0.353125 0.034375 0.05625
0 0.5421875 0.29140625 0.040625 0.05625
0 0.60546875 0.13515625 0.0375 0.0765625
0 0.59140625 0.06015625 0.0453125 0.0859375
0 0.50546875 0.01640625 0.0390625 0.0328125
0 0.440625 0.24609375 0.0375 0.0734375
0 0.72734375 0.29921875 0.0421875 0.0625
0 0.68984375 0.49453125 0.05 0.0578125
0 0.6015625 0.7390625 0.059375 0.0984375
0 0.53984375 0.7015625 0.04375 0.078125
0 0.5328125 0.81875 0.0421875 0.071875
0 0.734375 0.484375 0.0421875 0.0546875
0 0.640625 0.40859375 0.0328125 0.0625
0 0.6 0.5421875 0.0390625 0.06875
0 0.903125 0.321875 0.065625 0.0796875
0 0.94921875 0.52265625 0.0640625 0.090625
0 0.6671875 0.71875 0.0625 0.071875
0 0.69296875 0.35625 0.0375 0.05
0 0.7359375 0.1984375 0.0390625 0.0625
0 0.75 0.1140625 0.065625 0.0953125
0 0.57890625 0.22109375 0.0328125 0.0546875
0 0.55078125 0.2140625 0.0484375 0.053125
0 0.453125 0.115625 0.053125 0.096875
0 0.0796875 0.5328125 0.053125 0.075