0 0.79921875 0.7265625 0.1 0.128125
0 0.60546875 0.865625 0.0640625 0.084375
0 0.76953125 0.91328125 0.06875 0.0890625
0 0.56328125 0.959375 0.1234375 0.08125
0 0.45859375 0.53046875 0.071875 0.0921875
0 0.4703125 0.18046875 0.0671875 0.075
0 0.25234375 0.59921875 0.09375 0.1109375
0 0.246875 0.70703125 0.0578125 0.0703125
0 0.1625 0.80625 0.096875 0.1328125
0 0.53046875 0.5015625 0.0703125 0.090625
0 0.75234375 0.11484375 0.075 0.090625
0 0.68515625 0.15546875 0.0703125 0.090625
0 0.63515625 0.24296875 0.0546875 0.0671875
0 0.575 0.3671875 0.05 0.0609375
0 0.35703125 0.35078125 0.0625 0.065625
0 0.4546875 0.25234375 0.046875 0.0578125
0 0.315625 0.0734375 0.1109375 0.121875
0 0.14296875 0.18984375 0.084375 0.1015625
0 0.45703125 0.328125 0.0625 0.0828125
0 0.53515625 0.103125 0.05 0.0609375
0 0.66328125 0.26484375 0.06875 0.075
0 0.88828125 0.51484375 0.0828125 0.0828125
0 0.39375 0.809375 0.065625 0.0890625
0 0.3234375 0.89609375 0.0765625 0.1
0 0.215625 0.54140625 0.06875 0.06875
0 0.12890625 0.57734375 0.065625 0.06875
0 0.1078125 0.63125 0.0609375 0.0640625
0 0.0484375 0.62890625 0.0546875 0.053125
0 0.01953125 0.5796875 0.0390625 0.071875
0 0.01640625 0.7328125 0.0328125 0.071875
0 0.59140625 0.04140625 0.0859375 0.0828125
0 0.56015625 0.54453125 0.078125 0.1125
0 0.7046875 0.43984375 0.084375 0.103125
0 0.71484375 0.365625 0.0515625 0.0703125
0 0.80625 0.25078125 0.0828125 0.103125
0 0.32265625 0.61640625 0.0640625 0.0796875
0 0.7890625 0.82421875 0.0671875 0.0796875
0 0.39375 0.4515625 0.053125 0.065625
0 0.2359375 0.11796875 0.065625 0.075
0 0.2 0.6859375 0.04375 0.053125
0 0.1078125 0.26328125 0.096875 0.1046875
0 0.3328125 0.30859375 0.053125 0.0609375
0 0.12734375 0.77734375 0.06875 0.075
0 0.609375 0.31875 0.0515625 0.05625