0 0.9515625 0.41953125 0.096875 0.3796875
0 0.765625 0.86796875 0.296875 0.2640625
0 0.42890625 0.73984375 0.1140625 0.140625
0 0.5171875 0.32265625 0.096875 0.1234375
0 0.5703125 0.053125 0.09375 0.10625
0 0.44765625 0.07265625 0.0921875 0.115625
0 0.40234375 0.0203125 0.1109375 0.040625
0 0.22265625 0.321875 0.10625 0.1421875
0 0.2859375 0.43046875 0.103125 0.1296875
0 0.1453125 0.59765625 0.115625 0.1390625
0 0.18828125 0.7515625 0.103125 0.1359375
0 0.0484375 0.67421875 0.096875 0.1390625
0 0.08515625 0.45078125 0.1453125 0.190625
0 0.1 0.3265625 0.0875 0.125
0 0.18359375 0.2109375 0.0859375 0.103125
0 0.34296875 0.2078125 0.1140625 0.15
0 0.4375 0.40546875 0.0890625 0.1125
0 0.409375 0.6046875 0.10625 0.1390625