0 0.5484375 0.14765625 0.053125 0.12265625
0 0.27734375 0.103125 0.03828125 0.10078125
0 0.35234375 0.259375 0.040625 0.115625
0 0.45546875 0.3546875 0.053125 0.125
0 0.33515625 0.375 0.05546875 0.10078125
0 0.29453125 0.5421875 0.0359375 0.15390625
0 0.28125 0.6875 0.0578125 0.125
0 0.3796875 0.66328125 0.040625 0.1703125
0 0.540625 0.646875 0.040625 0.146875
0 0.5578125 0.49609375 0.03828125 0.13203125
0 0.64296875 0.7953125 0.03125 0.10546875
0 0.3453125 0.85703125 0.04296875 0.1390625
0 0.62734375 0.91796875 0.0359375 0.115625
0 0.66484375 0.65234375 0.05078125 0.12734375
0 0.58984375 0.62265625 0.04296875 0.125