0 0.2078125 0.44140625 0.0640625 0.1046875
0 0.21640625 0.6375 0.0453125 0.0671875
0 0.16875 0.71640625 0.0828125 0.1046875
0 0.11015625 0.55703125 0.0515625 0.0734375
0 0.15 0.48828125 0.05 0.06875
0 0.16640625 0.87109375 0.0625 0.0828125
0 0.34921875 0.81328125 0.046875 0.078125
0 0.36328125 0.7171875 0.0453125 0.0734375
0 0.4890625 0.86171875 0.0625 0.1109375
0 0.56328125 0.69921875 0.0640625 0.0859375
0 0.503125 0.7578125 0.040625 0.0546875
0 0.4921875 0.54921875 0.0359375 0.05625
0 0.47578125 0.4875 0.0375 0.0609375
0 0.428125 0.48984375 0.05 0.0875
0 0.484375 0.43046875 0.05 0.090625
0 0.42109375 0.36484375 0.08125 0.1328125
0 0.71328125 0.34921875 0.040625 0.0484375
0 0.5390625 0.0859375 0.059375 0.078125
0 0.48359375 0.1921875 0.06875 0.0953125
0 0.46484375 0.29921875 0.0359375 0.053125
0 0.60625 0.0671875 0.040625 0.071875
0 0.60234375 0.14765625 0.0484375 0.0703125
0 0.61171875 0.215625 0.046875 0.071875
0 0.58515625 0.28671875 0.03125 0.0421875
0 0.55390625 0.28203125 0.046875 0.05625
0 0.53671875 0.39296875 0.03125 0.0453125
0 0.5421875 0.34453125 0.04375 0.0515625
0 0.5140625 0.671875 0.0421875 0.0640625
0 0.69765625 0.51328125 0.0296875 0.0375
0 0.6234375 0.45 0.0359375 0.053125
0 0.67265625 0.403125 0.0390625 0.046875
0 0.740625 0.19140625 0.071875 0.103125
0 0.85859375 0.384375 0.0796875 0.0984375
0 0.875 0.55078125 0.05625 0.071875
0 0.61875 0.696875 0.0578125 0.0578125
0 0.62734375 0.8015625 0.0609375 0.0671875
0 0.725 0.2671875 0.0328125 0.0484375
0 0.19453125 0.79921875 0.0359375 0.059375
0 0.6859375 0.87109375 0.0515625 0.0515625
0 0.6609375 0.83671875 0.0453125 0.0625