0 0.8953125 0.4484375 0.0453125 0.13203125
0 0.96640625 0.265625 0.0359375 0.06953125
0 0.94140625 0.3609375 0.03828125 0.0671875
0 0.79453125 0.2234375 0.0359375 0.0796875
0 0.81640625 0.084375 0.07421875 0.146875
0 0.9046875 0.0875 0.07421875 0.15390625
0 0.4828125 0.446875 0.03125 0.08671875
0 0.525 0.5109375 0.021875 0.0796875
0 0.5484375 0.60078125 0.02890625 0.115625
0 0.484375 0.91484375 0.0265625 0.084375
0 0.62734375 0.74375 0.03125 0.07421875
0 0.65625 0.6703125 0.040625 0.10546875
0 0.6453125 0.8765625 0.053125 0.1296875
0 0.51796875 0.81484375 0.04296875 0.053125
0 0.490625 0.66328125 0.0265625 0.0578125
0 0.578125 0.49140625 0.0359375 0.11328125
0 0.3328125 0.2703125 0.0484375 0.1109375
0 0.3796875 0.1671875 0.03125 0.0765625
0 0.35546875 0.05390625 0.0453125 0.10078125
0 0.40625 0.29921875 0.02890625 0.071875
0 0.36796875 0.6390625 0.021875 0.06953125
0 0.25 0.58046875 0.03359375 0.06015625
0 0.328125 0.71015625 0.0359375 0.071875
0 0.30390625 0.790625 0.0359375 0.06015625
0 0.3234375 0.9078125 0.0265625 0.06015625
0 0.3453125 0.97109375 0.040625 0.0578125
0 0.10703125 0.81640625 0.05546875 0.09140625
0 0.05859375 0.72265625 0.04296875 0.08671875
0 0.2015625 0.165625 0.04296875 0.06015625
0 0.19140625 0.22265625 0.04296875 0.053125
0 0.259375 0.303125 0.06015625 0.06953125
0 0.2921875 0.24609375 0.03125 0.053125
0 0.321875 0.16796875 0.021875 0.0453125
0 0.525 0.97578125 0.03125 0.0484375
0 0.38203125 0.4828125 0.021875 0.06484375
0 0.15 0.13671875 0.0484375 0.0765625
0 0.0890625 0.15625 0.04296875 0.053125