0 0.36484375 0.0765625 0.0421875 0.1
0 0.35625 0.209375 0.0375 0.1015625
0 0.32734375 0.359375 0.0453125 0.140625
0 0.46640625 0.38671875 0.04375 0.14375
0 0.33828125 0.54609375 0.0484375 0.0921875
0 0.403125 0.415625 0.0578125 0.1265625
0 0.54921875 0.63046875 0.0515625 0.090625
0 0.43671875 0.521875 0.0515625 0.1
0 0.45703125 0.84765625 0.0453125 0.128125
0 0.66328125 0.74609375 0.040625 0.121875
0 0.7421875 0.89765625 0.0421875 0.1046875
0 0.6546875 0.62578125 0.0671875 0.0890625
0 0.69609375 0.4390625 0.046875 0.128125
0 0.62890625 0.35 0.05 0.1375
0 0.73046875 0.315625 0.0453125 0.1359375
0 0.65546875 0.1390625 0.0484375 0.140625