0 0.85546875 0.553125 0.040625 0.11796875
0 0.640625 0.34140625 0.040625 0.09140625
0 0.5203125 0.4859375 0.03125 0.0796875
0 0.36640625 0.92578125 0.0359375 0.12734375
0 0.790625 0.8765625 0.05546875 0.10078125
0 0.86640625 0.8921875 0.071875 0.11796875
0 0.9203125 0.7171875 0.02890625 0.0796875
0 0.76796875 0.76796875 0.03125 0.0796875
0 0.56484375 0.81953125 0.02421875 0.06953125
0 0.5453125 0.9234375 0.02890625 0.084375
0 0.478125 0.55078125 0.021875 0.06953125
0 0.57109375 0.51796875 0.02421875 0.09609375
0 0.5421875 0.4390625 0.02421875 0.0765625
0 0.49609375 0.34765625 0.021875 0.053125
0 0.509375 0.2875 0.02890625 0.05078125
0 0.4859375 0.1203125 0.01953125 0.07421875
0 0.51796875 0.05078125 0.0265625 0.08203125
0 0.61328125 0.02265625 0.02890625 0.04296875
0 0.61875 0.26796875 0.021875 0.06953125
0 0.328125 0.25 0.02890625 0.0578125
0 0.3171875 0.4484375 0.03828125 0.05078125
0 0.34375 0.7078125 0.03828125 0.09140625
0 0.4125 0.6859375 0.0265625 0.07421875
0 0.390625 0.8015625 0.0265625 0.0671875
0 0.2765625 0.428125 0.03125 0.0484375
0 0.3859375 0.37734375 0.01953125 0.06015625
0 0.39296875 0.5171875 0.02421875 0.06484375
0 0.1515625 0.2296875 0.05078125 0.06953125
0 0.05859375 0.41328125 0.0453125 0.08203125
0 0.28515625 0.671875 0.0484375 0.0625
0 0.34765625 0.3140625 0.0265625 0.0453125
0 0.34375 0.15 0.0265625 0.0578125
0 0.35078125 0.06484375 0.0453125 0.08671875
0 0.490625 0.21015625 0.021875 0.05078125
0 0.5203125 0.21015625 0.03828125 0.0453125
0 0.63828125 0.13828125 0.03125 0.09140625
0 0.9 0.63359375 0.03828125 0.0671875