0 0.87265625 0.546875 0.0453125 0.12265625
0 0.77421875 0.7640625 0.0265625 0.08203125
0 0.93984375 0.7234375 0.03125 0.084375
0 0.80078125 0.89453125 0.06953125 0.12734375
0 0.8796875 0.9125 0.0671875 0.13203125
0 0.4796875 0.546875 0.03359375 0.08671875
0 0.31484375 0.23828125 0.040625 0.0625
0 0.33515625 0.71015625 0.05078125 0.0984375
0 0.384375 0.80625 0.02890625 0.06484375
0 0.3609375 0.93359375 0.0359375 0.13203125
0 0.52734375 0.4859375 0.03125 0.08671875
0 0.52578125 0.040625 0.0390625 0.08125
0 0.48828125 0.109375 0.03125 0.08671875
0 0.48828125 0.21015625 0.0265625 0.0625
0 0.4984375 0.34765625 0.0265625 0.05546875
0 0.3015625 0.4421875 0.04296875 0.05078125
0 0.33671875 0.30859375 0.02421875 0.053125
0 0.12734375 0.22265625 0.071875 0.0984375
0 0.0359375 0.41015625 0.0453125 0.09140625
0 0.3765625 0.37265625 0.0265625 0.0796875
0 0.33203125 0.13828125 0.0265625 0.05546875
0 0.52421875 0.21484375 0.04296875 0.0625
0 0.84375 0.31875 0.06015625 0.06015625
0 0.5625 0.82109375 0.0265625 0.08671875
0 0.5453125 0.93125 0.03359375 0.09609375
0 0.27421875 0.678125 0.05078125 0.05078125
0 0.2171875 0.75234375 0.0453125 0.053125
0 0.22578125 0.81015625 0.04296875 0.0484375
0 0.1734375 0.8375 0.040625 0.03828125
0 0.1109375 0.8171875 0.05078125 0.053125
0 0.17890625 0.9546875 0.06015625 0.0484375
0 0.34609375 0.04921875 0.0484375 0.08671875
0 0.57421875 0.50859375 0.02421875 0.115625
0 0.646875 0.3453125 0.04296875 0.09375
0 0.61875 0.2765625 0.01953125 0.06953125
0 0.640625 0.13125 0.040625 0.09609375
0 0.4046875 0.6890625 0.03125 0.07421875
0 0.9125 0.6359375 0.03828125 0.06953125
0 0.38359375 0.5109375 0.0265625 0.06015625
0 0.08046875 0.30078125 0.03828125 0.06484375
0 0.3328125 0.8109375 0.021875 0.0484375
0 0.0421875 0.49140625 0.0625 0.084375
0 0.259375 0.41796875 0.03125 0.053125
0 0.31640625 0.9265625 0.04296875 0.0625
0 0.50390625 0.28828125 0.03359375 0.0453125