0 0.8921875 0.2140625 0.115625 0.41328125
0 0.8859375 0.740625 0.115625 0.36328125
0 0.5328125 0.7203125 0.05546875 0.1203125
0 0.4484375 0.603125 0.0578125 0.13671875
0 0.415625 0.884375 0.0453125 0.13203125
0 0.4015625 0.4421875 0.0359375 0.0890625
0 0.365625 0.803125 0.040625 0.1109375
0 0.2765625 0.69453125 0.0484375 0.09140625
0 0.22578125 0.7984375 0.053125 0.115625
0 0.15859375 0.83046875 0.05078125 0.1078125
0 0.1609375 0.61796875 0.04296875 0.1109375
0 0.2125 0.4859375 0.03828125 0.10546875
0 0.12734375 0.52734375 0.03125 0.084375
0 0.10703125 0.3734375 0.0265625 0.1078125
0 0.22578125 0.1421875 0.03828125 0.115625
0 0.30390625 0.20546875 0.05078125 0.103125
0 0.25859375 0.35078125 0.0578125 0.115625
0 0.3859375 0.12265625 0.0484375 0.09140625
0 0.44453125 0.3609375 0.0359375 0.08671875
0 0.115625 0.78984375 0.03828125 0.11328125
0 0.14453125 0.2796875 0.03359375 0.08203125