0 0.17578125 0.1765625 0.1984375 0.353125
0 0.08359375 0.65546875 0.1671875 0.3796875
0 0.421875 0.70859375 0.0796875 0.1296875
0 0.52890625 0.61171875 0.084375 0.1453125
0 0.50234375 0.89375 0.071875 0.1390625
0 0.60859375 0.4640625 0.053125 0.0953125
0 0.56875 0.82421875 0.0625 0.1171875
0 0.678125 0.73671875 0.065625 0.1
0 0.70625 0.84921875 0.0765625 0.1234375
0 0.765625 0.89453125 0.071875 0.115625
0 0.80703125 0.6859375 0.065625 0.1171875
0 0.784375 0.54609375 0.059375 0.1109375
0 0.85859375 0.60390625 0.0484375 0.0890625
0 0.9109375 0.4578125 0.0484375 0.1109375
0 0.84296875 0.20703125 0.0609375 0.1203125
0 0.753125 0.25234375 0.071875 0.1109375
0 0.7671875 0.40390625 0.08125 0.125
0 0.68984375 0.1546875 0.065625 0.1
0 0.5828125 0.37578125 0.053125 0.0921875
0 0.815625 0.86328125 0.0609375 0.11875
0 0.89375 0.35859375 0.05 0.0875