0 0.10234375 0.46953125 0.0515625 0.134375
0 0.021875 0.290625 0.0390625 0.071875
0 0.0515625 0.384375 0.0421875 0.06875
0 0.19140625 0.2390625 0.040625 0.08125
0 0.1625 0.1015625 0.08125 0.15
0 0.07421875 0.109375 0.0828125 0.1578125
0 0.5140625 0.44609375 0.0359375 0.0875
0 0.47578125 0.5125 0.0265625 0.08125
0 0.45703125 0.603125 0.034375 0.1171875
0 0.5375 0.91328125 0.03125 0.0859375
0 0.3859375 0.75 0.034375 0.075
0 0.353125 0.678125 0.0453125 0.1078125
0 0.37421875 0.88359375 0.059375 0.1328125
0 0.4984375 0.815625 0.0453125 0.0546875
0 0.51796875 0.6625 0.0296875 0.059375
0 0.421875 0.4953125 0.0421875 0.115625
0 0.6546875 0.26171875 0.0546875 0.1140625
0 0.60234375 0.16171875 0.0359375 0.078125
0 0.6203125 0.04921875 0.05 0.0984375
0 0.5828125 0.29453125 0.0328125 0.0734375
0 0.6390625 0.63203125 0.025 0.0703125
0 0.75390625 0.5671875 0.0359375 0.0625
0 0.6828125 0.70078125 0.0390625 0.0734375
0 0.7109375 0.7796875 0.0390625 0.0625
0 0.69765625 0.89765625 0.0296875 0.0609375
0 0.67890625 0.9625 0.04375 0.059375
0 0.909375 0.7953125 0.0609375 0.09375
0 0.95234375 0.69921875 0.046875 0.0890625
0 0.78046875 0.15078125 0.0453125 0.0625
0 0.79375 0.20703125 0.0453125 0.0546875
0 0.7296875 0.290625 0.0640625 0.071875
0 0.69453125 0.2359375 0.034375 0.0546875
0 0.66015625 0.159375 0.0234375 0.046875
0 0.5 0.97578125 0.034375 0.0484375
0 0.6171875 0.4765625 0.025 0.065625
0 0.83046875 0.11875 0.053125 0.0796875
0 0.8921875 0.13515625 0.0453125 0.0546875