0 0.1890625 0.3578125 0.115625 0.15
0 0.125 0.4140625 0.1125 0.1484375
0 0.30703125 0.38984375 0.1171875 0.1390625
0 0.42890625 0.66640625 0.0625 0.0765625
0 0.2265625 0.59921875 0.115625 0.15
0 0.328125 0.7859375 0.1265625 0.1625
0 0.41875 0.92578125 0.1 0.1140625
0 0.684375 0.51796875 0.1515625 0.18125
0 0.81484375 0.44921875 0.14375 0.178125
0 0.51328125 0.23046875 0.1390625 0.1625
0 0.73203125 0.3015625 0.11875 0.1421875
0 0.68671875 0.35546875 0.0859375 0.1078125
0 0.5359375 0.41484375 0.0484375 0.05625
0 0.46171875 0.4796875 0.05 0.0609375
0 0.453125 0.43125 0.046875 0.053125
0 0.41328125 0.37109375 0.04375 0.05
0 0.35390625 0.2890625 0.0421875 0.05