0 0.8390625 0.2671875 0.0984375 0.321875
0 0.8296875 0.7078125 0.103125 0.31953125
0 0.5046875 0.6984375 0.04296875 0.103125
0 0.44921875 0.60546875 0.03828125 0.1109375
0 0.4109375 0.46875 0.03828125 0.0796875
0 0.4484375 0.39296875 0.03828125 0.0765625
0 0.390625 0.18359375 0.05078125 0.09140625
0 0.4359375 0.084375 0.03828125 0.09609375
0 0.22578125 0.07421875 0.03828125 0.084375
0 0.2484375 0.19140625 0.03359375 0.09609375
0 0.31484375 0.25234375 0.0359375 0.08671875
0 0.328125 0.44375 0.040625 0.1078125
0 0.3125 0.67578125 0.0359375 0.09609375
0 0.2203125 0.7828125 0.03359375 0.10078125
0 0.27734375 0.7609375 0.0359375 0.09140625
0 0.37734375 0.76328125 0.03359375 0.09140625
0 0.21015625 0.9328125 0.0359375 0.09375
0 0.0453125 0.671875 0.03359375 0.103125
0 0.1546875 0.390625 0.03125 0.10078125
0 0.18359375 0.5296875 0.03359375 0.084375
0 0.21875 0.60546875 0.053125 0.10078125
0 0.24765625 0.49765625 0.03828125 0.09140625
0 0.19609375 0.421875 0.040625 0.10078125
0 0.18125 0.31640625 0.02890625 0.08203125
0 0.18984375 0.1765625 0.040625 0.0890625
0 0.3234375 0.54296875 0.0359375 0.0796875
0 0.4234375 0.84765625 0.03359375 0.115625