0 0.7953125 0.53984375 0.03359375 0.0984375
0 0.7234375 0.72265625 0.0265625 0.0625
0 0.74296875 0.8125 0.05546875 0.09140625
0 0.85 0.68046875 0.03125 0.0671875
0 0.834375 0.603125 0.03125 0.0625
0 0.69453125 0.959375 0.040625 0.07421875
0 0.540625 0.8453125 0.02421875 0.07421875
0 0.55859375 0.75 0.02421875 0.06953125
0 0.39296875 0.8453125 0.02890625 0.1078125
0 0.375 0.66796875 0.040625 0.0765625
0 0.41328125 0.74296875 0.0265625 0.0484375
0 0.49140625 0.54921875 0.01953125 0.053125
0 0.5265625 0.49609375 0.01953125 0.0578125
0 0.57109375 0.5140625 0.02421875 0.084375
0 0.5375 0.4390625 0.021875 0.0890625
0 0.61875 0.39765625 0.04296875 0.125
0 0.34765625 0.28828125 0.02890625 0.040625
0 0.59765625 0.09609375 0.03828125 0.06953125
0 0.615625 0.2140625 0.04296875 0.08671875
0 0.5984375 0.321875 0.021875 0.0484375
0 0.540625 0.05625 0.01953125 0.06953125
0 0.51796875 0.13359375 0.02890625 0.06484375
0 0.48671875 0.19453125 0.0265625 0.0671875
0 0.4890625 0.2703125 0.01953125 0.03828125
0 0.51953125 0.2765625 0.03359375 0.0484375
0 0.5 0.38671875 0.01953125 0.040625
0 0.5109375 0.3390625 0.03125 0.04296875
0 0.43046875 0.6578125 0.02421875 0.06015625
0 0.30859375 0.4484375 0.01953125 0.03359375
0 0.39921875 0.4125 0.021875 0.0484375
0 0.36796875 0.35234375 0.0265625 0.040625
0 0.37265625 0.1296875 0.04296875 0.09375
0 0.1984375 0.27421875 0.05546875 0.084375
0 0.12890625 0.42578125 0.03828125 0.0625
0 0.3234375 0.64765625 0.0453125 0.0453125
0 0.28125 0.74375 0.0453125 0.05546875
0 0.36328125 0.20703125 0.01953125 0.0453125
0 0.69140625 0.88203125 0.01953125 0.05546875
0 0.203125 0.790625 0.040625 0.040625
0 0.23828125 0.765625 0.02890625 0.05546875