0 0.9421875 0.18515625 0.1109375 0.3703125
0 0.94296875 0.784375 0.1140625 0.43125
0 0.5453125 0.74609375 0.06484375 0.125
0 0.43515625 0.334375 0.05078125 0.11328125
0 0.359375 0.06875 0.05546875 0.09609375
0 0.259375 0.14296875 0.05078125 0.103125
0 0.171875 0.06953125 0.053125 0.1390625
0 0.171875 0.4671875 0.05078125 0.134375
0 0.27734375 0.53515625 0.05546875 0.11796875
0 0.228125 0.7484375 0.0671875 0.12265625
0 0.33671875 0.865625 0.05078125 0.12734375
0 0.1734375 0.86171875 0.05078125 0.1296875
0 0.09375 0.90234375 0.05078125 0.125
0 0.1078125 0.64453125 0.07421875 0.17578125
0 0.06484375 0.52734375 0.0359375 0.12265625
0 0.08671875 0.3859375 0.05078125 0.0890625
0 0.22734375 0.3109375 0.0578125 0.1390625
0 0.4015625 0.44375 0.0484375 0.10078125
0 0.46640625 0.634375 0.053125 0.1296875