0 0.37265625 0.25859375 0.0890625 0.13671875
0 0.34375 0.61328125 0.0984375 0.16796875
0 0.19140625 0.5921875 0.07421875 0.15390625
0 0.7140625 0.234375 0.0625 0.14921875
0 0.62890625 0.31484375 0.06953125 0.15625
0 0.796875 0.4734375 0.06953125 0.14453125
0 0.6515625 0.61796875 0.0359375 0.06484375
0 0.52890625 0.7203125 0.03359375 0.06015625
0 0.796875 0.6625 0.0578125 0.1390625
0 0.47265625 0.109375 0.03359375 0.06015625
0 0.525 0.42421875 0.03359375 0.0625
0 0.375 0.4828125 0.053125 0.10078125
0 0.52734375 0.24140625 0.03125 0.0453125
0 0.5328125 0.2984375 0.02890625 0.0484375
0 0.4421875 0.4359375 0.02421875 0.0484375