0 0.1609375 0.2671875 0.0984375 0.321875
0 0.1703125 0.7078125 0.103125 0.31875
0 0.4953125 0.6984375 0.04375 0.103125
0 0.55078125 0.60546875 0.0375 0.1109375
0 0.5890625 0.46875 0.0375 0.0796875
0 0.5515625 0.39296875 0.0375 0.0765625
0 0.609375 0.18359375 0.05 0.090625
0 0.5640625 0.084375 0.0375 0.096875
0 0.77421875 0.07421875 0.0375 0.084375
0 0.7515625 0.19140625 0.034375 0.096875
0 0.68515625 0.25234375 0.0359375 0.0875
0 0.671875 0.44375 0.040625 0.1078125
0 0.6875 0.67578125 0.0359375 0.096875
0 0.7796875 0.7828125 0.034375 0.1
0 0.72265625 0.7609375 0.0359375 0.090625
0 0.62265625 0.76328125 0.034375 0.090625
0 0.78984375 0.9328125 0.0359375 0.09375
0 0.9546875 0.671875 0.034375 0.103125
0 0.8453125 0.390625 0.03125 0.1
0 0.81640625 0.5296875 0.034375 0.084375
0 0.78125 0.60546875 0.053125 0.1
0 0.75234375 0.49765625 0.0375 0.090625
0 0.80390625 0.421875 0.040625 0.1
0 0.81875 0.31640625 0.028125 0.08125
0 0.81015625 0.1765625 0.040625 0.0890625
0 0.6765625 0.54296875 0.0359375 0.0796875
0 0.5765625 0.84765625 0.034375 0.115625