0 0.6203125 0.071875 0.03828125 0.0984375
0 0.63359375 0.2046875 0.03359375 0.10078125
0 0.66796875 0.353125 0.040625 0.1390625
0 0.5296875 0.3859375 0.03828125 0.1421875
0 0.66328125 0.540625 0.0453125 0.09140625
0 0.59375 0.4125 0.053125 0.125
0 0.45546875 0.63203125 0.0484375 0.0890625
0 0.5640625 0.51953125 0.0484375 0.0984375
0 0.55546875 0.84609375 0.040625 0.12734375
0 0.3453125 0.7515625 0.0359375 0.1203125
0 0.271875 0.90625 0.03828125 0.103125
0 0.35 0.63125 0.06484375 0.08671875
0 0.3015625 0.44609375 0.04296875 0.12734375
0 0.365625 0.3546875 0.0453125 0.13671875
0 0.26328125 0.3234375 0.040625 0.134375
0 0.33203125 0.14453125 0.04296875 0.1390625