0 0.30703125 0.20078125 0.1 0.134375
0 0.53359375 0.05 0.0765625 0.1
0 0.53203125 0.21953125 0.0859375 0.121875
0 0.47890625 0.34921875 0.1015625 0.1359375
0 0.596875 0.3171875 0.0921875 0.1140625
0 0.70390625 0.4515625 0.096875 0.1546875
0 0.77734375 0.57734375 0.1046875 0.1375
0 0.678125 0.596875 0.109375 0.171875
0 0.525 0.65 0.0984375 0.15
0 0.44609375 0.52109375 0.090625 0.1359375
0 0.4953125 0.828125 0.0734375 0.109375
0 0.79140625 0.75859375 0.0984375 0.14375
0 0.5609375 0.9328125 0.08125 0.1203125
0 0.41484375 0.7078125 0.1 0.1375
0 0.4703125 0.64921875 0.0921875 0.13125