0 0.2765625 0.0984375 0.04296875 0.1078125
0 0.56015625 0.1875 0.05078125 0.15390625
0 0.47734375 0.37890625 0.0625 0.1109375
0 0.36171875 0.27421875 0.0453125 0.13203125
0 0.33984375 0.3921875 0.0578125 0.09609375
0 0.36640625 0.65390625 0.0578125 0.1390625
0 0.25 0.66953125 0.053125 0.1109375
0 0.5453125 0.62265625 0.03828125 0.12734375
0 0.5828125 0.49609375 0.053125 0.11328125
0 0.6046875 0.603125 0.05546875 0.09609375
0 0.63203125 0.77421875 0.03359375 0.12265625
0 0.6234375 0.9203125 0.0484375 0.09609375
0 0.3265625 0.84765625 0.05546875 0.146875
0 0.65859375 0.4703125 0.04296875 0.12265625
0 0.2875 0.56953125 0.05078125 0.115625