0 0.51328125 0.22734375 0.1390625 0.1609375
0 0.68984375 0.53671875 0.1609375 0.19375
0 0.81875 0.453125 0.1328125 0.1703125
0 0.19375 0.35 0.1203125 0.1609375
0 0.3046875 0.38671875 0.1296875 0.1703125
0 0.21953125 0.6015625 0.1234375 0.1609375
0 0.4125 0.67109375 0.059375 0.0734375
0 0.5671875 0.71171875 0.05625 0.06875
0 0.3 0.77265625 0.1109375 0.15
0 0.359375 0.134375 0.05625 0.06875
0 0.4453125 0.4421875 0.05625 0.0703125
0 0.60625 0.43125 0.090625 0.1140625
0 0.365625 0.27734375 0.046875 0.0546875
0 0.38515625 0.33125 0.046875 0.05625
0 0.525 0.4171875 0.0421875 0.0546875