0 0.47578125 0.1046875 0.046875 0.1015625
0 0.4890625 0.46875 0.0546875 0.121875
0 0.39296875 0.56796875 0.0546875 0.1328125
0 0.32109375 0.81171875 0.046875 0.128125
0 0.228125 0.703125 0.05 0.078125
0 0.29609375 0.93671875 0.034375 0.071875
0 0.3171875 0.47890625 0.0546875 0.0828125
0 0.25625 0.53203125 0.0546875 0.090625
0 0.40078125 0.190625 0.046875 0.0921875
0 0.35625 0.31640625 0.0390625 0.075
0 0.2453125 0.42421875 0.0546875 0.0921875
0 0.36796875 0.025 0.0390625 0.05
0 0.50078125 0.7234375 0.06875 0.1
0 0.346875 0.40859375 0.0375 0.0828125