0 0.32578125 0.43671875 0.1359375 0.175
0 0.17890625 0.49765625 0.115625 0.16875
0 0.290625 0.63359375 0.090625 0.11875
0 0.38671875 0.55078125 0.0859375 0.1125
0 0.4578125 0.5703125 0.046875 0.065625
0 0.66796875 0.640625 0.1015625 0.1484375
0 0.775 0.6859375 0.10625 0.153125
0 0.84765625 0.64453125 0.1 0.14375
0 0.78359375 0.4453125 0.109375 0.165625
0 0.6015625 0.34453125 0.0546875 0.0765625
0 0.6421875 0.0859375 0.0875 0.1109375
0 0.7 0.02265625 0.09375 0.0453125
0 0.71328125 0.240625 0.1046875 0.1484375
0 0.44609375 0.7625 0.1203125 0.1515625