0 0.35234375 0.58515625 0.06484375 0.178125
0 0.178125 0.5578125 0.0625 0.14453125
0 0.29453125 0.36171875 0.0453125 0.09140625
0 0.25390625 0.4671875 0.06015625 0.1109375
0 0.13125 0.8015625 0.06484375 0.1078125
0 0.2515625 0.92421875 0.0671875 0.1296875
0 0.09375 0.06640625 0.04296875 0.08203125
0 0.37734375 0.0953125 0.0484375 0.1390625
0 0.1578125 0.396875 0.06015625 0.115625
0 0.478125 0.45546875 0.0625 0.11796875
0 0.45546875 0.7703125 0.053125 0.0984375
0 0.32109375 0.25234375 0.05078125 0.0984375
0 0.4578125 0.021875 0.0453125 0.04296875