0 0.5328125 0.04921875 0.084375 0.0984375
0 0.31328125 0.2421875 0.1109375 0.1609375
0 0.46953125 0.38046875 0.103125 0.1265625
0 0.5296875 0.23671875 0.096875 0.1390625
0 0.59921875 0.334375 0.09375 0.1109375
0 0.6859375 0.5828125 0.1109375 0.15
0 0.7984375 0.54765625 0.0953125 0.1234375
0 0.5109375 0.63046875 0.0890625 0.13125
0 0.4234375 0.53125 0.0953125 0.125
0 0.4484375 0.6375 0.090625 0.1109375
0 0.49609375 0.8046875 0.0828125 0.125
0 0.565625 0.9328125 0.084375 0.1078125
0 0.80390625 0.74140625 0.1125 0.15625
0 0.34375 0.53984375 0.090625 0.1296875
0 0.721875 0.4734375 0.0953125 0.1265625