5 0.3734375 0.6625 0.05546875 0.084375
5 0.459375 0.72265625 0.084375 0.0625
5 0.3953125 0.7484375 0.06953125 0.06015625
5 0.3546875 0.78984375 0.06015625 0.05546875
5 0.73828125 0.46484375 0.03828125 0.05078125
5 0.76171875 0.5109375 0.06484375 0.03828125
5 0.7609375 0.578125 0.0578125 0.06953125
5 0.83515625 0.58046875 0.040625 0.06484375
5 0.8734375 0.665625 0.0484375 0.053125
5 0.89765625 0.71015625 0.06953125 0.05078125
5 0.93359375 0.7640625 0.05078125 0.03828125
5 0.78515625 0.42421875 0.06015625 0.05546875
5 0.7921875 0.475 0.0578125 0.0625