5 0.33984375 0.7890625 0.0625 0.05
5 0.36328125 0.7546875 0.075 0.0484375
5 0.42734375 0.7296875 0.08125 0.065625
5 0.34609375 0.67265625 0.1046875 0.059375
5 0.70859375 0.465625 0.040625 0.0546875
5 0.728125 0.509375 0.05625 0.040625
5 0.74140625 0.5828125 0.040625 0.065625
5 0.74921875 0.55 0.0515625 0.0453125
5 0.79453125 0.56640625 0.046875 0.065625
5 0.84453125 0.65546875 0.05 0.046875
5 0.87578125 0.69609375 0.04375 0.034375
5 0.91015625 0.74296875 0.059375 0.0578125
5 0.7546875 0.42265625 0.059375 0.046875