5 0.36875 0.64921875 0.0453125 0.04296875
5 0.44140625 0.69453125 0.06015625 0.053125
5 0.3921875 0.7203125 0.053125 0.03828125
5 0.36875 0.76171875 0.053125 0.0484375
5 0.70546875 0.571875 0.0359375 0.03828125
5 0.6859375 0.47265625 0.0265625 0.0484375
5 0.6984375 0.5140625 0.03359375 0.0359375
5 0.76328125 0.5625 0.02890625 0.053125
5 0.7296875 0.4375 0.040625 0.03828125
5 0.79453125 0.6296875 0.0453125 0.03828125
5 0.82578125 0.671875 0.0453125 0.05078125
5 0.8484375 0.709375 0.0453125 0.05078125