5 0.6453125 0.64609375 0.065625 0.090625
5 0.5671875 0.71640625 0.090625 0.071875
5 0.634375 0.73359375 0.0765625 0.06875
5 0.6796875 0.7703125 0.0671875 0.0625
5 0.259375 0.49453125 0.04375 0.0546875
5 0.24140625 0.54296875 0.06875 0.0453125
5 0.25078125 0.609375 0.065625 0.0765625
5 0.17734375 0.62109375 0.0484375 0.06875
5 0.14921875 0.71015625 0.0546875 0.059375
5 0.13125 0.75703125 0.075 0.059375
5 0.1015625 0.81484375 0.0546875 0.04375
5 0.2078125 0.459375 0.0671875 0.0625
5 0.20703125 0.5109375 0.065625 0.06875