5 0.38671875 0.77265625 0.06015625 0.0484375
5 0.415625 0.7328125 0.06953125 0.06015625
5 0.3796875 0.65859375 0.084375 0.071875
5 0.4703125 0.70546875 0.071875 0.05078125
5 0.6875 0.5015625 0.04296875 0.05546875
5 0.7078125 0.5484375 0.053125 0.03359375
5 0.72265625 0.6 0.0359375 0.05546875
5 0.821875 0.65234375 0.03828125 0.0359375
5 0.8390625 0.68984375 0.053125 0.03828125
5 0.86875 0.7328125 0.0453125 0.04296875
5 0.7828125 0.59609375 0.03828125 0.05078125
5 0.7390625 0.46875 0.04296875 0.0453125