5 0.6234375 0.64765625 0.0859375 0.0625
5 0.54453125 0.7078125 0.0671875 0.0546875
5 0.6 0.7296875 0.053125 0.053125
5 0.63125 0.75390625 0.06875 0.05
5 0.30703125 0.5203125 0.0703125 0.040625
5 0.2953125 0.60234375 0.0453125 0.0515625
5 0.2328125 0.59453125 0.046875 0.0515625
5 0.26484375 0.47421875 0.0515625 0.0453125
5 0.16875 0.72421875 0.0375 0.04375
5 0.20546875 0.64921875 0.0515625 0.0453125
5 0.30078125 0.5453125 0.0296875 0.0328125
5 0.271875 0.5765625 0.025 0.0375
5 0.2875 0.58125 0.025 0.0328125
5 0.20078125 0.6875 0.0265625 0.046875
5 0.1828125 0.678125 0.0328125 0.034375