5 0.38828125 0.6359375 0.0625 0.05078125
5 0.46484375 0.68515625 0.0578125 0.0671875
5 0.40390625 0.703125 0.06015625 0.0484375
5 0.3796875 0.73828125 0.053125 0.03359375
5 0.71484375 0.4734375 0.03828125 0.03828125
5 0.7296875 0.5140625 0.03828125 0.0359375
5 0.71484375 0.571875 0.03828125 0.05546875
5 0.8171875 0.63125 0.04296875 0.0484375
5 0.834375 0.66953125 0.04296875 0.0359375
5 0.853125 0.71640625 0.04296875 0.0359375
5 0.7828125 0.56640625 0.03359375 0.05546875
5 0.75234375 0.54921875 0.0265625 0.053125
5 0.75625 0.43359375 0.0359375 0.0359375
5 0.759375 0.4734375 0.0265625 0.03828125