5 0.3296875 0.78359375 0.06015625 0.0484375
5 0.3546875 0.75 0.07421875 0.0453125
5 0.41953125 0.72734375 0.0796875 0.0625
5 0.33984375 0.6671875 0.103125 0.05546875
5 0.709375 0.47265625 0.03828125 0.053125
5 0.72734375 0.5171875 0.05546875 0.03828125
5 0.73828125 0.59140625 0.03828125 0.06484375
5 0.74765625 0.55859375 0.05078125 0.04296875
5 0.7921875 0.5765625 0.0453125 0.06484375
5 0.8390625 0.6671875 0.0484375 0.0453125
5 0.86875 0.709375 0.04296875 0.03359375
5 0.9015625 0.75703125 0.0578125 0.05546875
5 0.75703125 0.43125 0.0578125 0.0453125