5 0.38203125 0.6515625 0.084375 0.06015625
5 0.4625 0.709375 0.06484375 0.053125
5 0.4078125 0.7328125 0.05078125 0.05078125
5 0.37734375 0.75859375 0.0671875 0.0484375
5 0.69375 0.51328125 0.06953125 0.03828125
5 0.7078125 0.5953125 0.04296875 0.05078125
5 0.7703125 0.58515625 0.0453125 0.05078125
5 0.734375 0.46640625 0.05078125 0.04296875
5 0.8390625 0.7125 0.0359375 0.04296875
5 0.79921875 0.6390625 0.05078125 0.04296875
5 0.70078125 0.53828125 0.02890625 0.03125
5 0.73046875 0.56875 0.02421875 0.0359375
5 0.71484375 0.5734375 0.02421875 0.03125
5 0.80546875 0.6765625 0.02421875 0.0453125
5 0.8234375 0.6671875 0.03125 0.03359375