5 0.603125 0.4203125 0.071875 0.21875
5 0.8890625 0.66953125 0.1109375 0.22578125
5 0.502271503125 0.53235908125 0.5293378125 0.49321503125 0.5430474234375 0.4723382046875 0.558715553125 0.4201461375 0.5391303921875 0.40709812031250003 0.5175867140625 0.4097077234375 0.49016749062500004 0.43841336093749994 0.48429194531249997 0.4697286015625 0.502271503125 0.53235908125
5 0.5606740671875 0.628914403125 0.5841762593750001 0.657620040625 0.6115954828125 0.6550104375 0.6213880656249999 0.6341336109375 0.6233465796875 0.602818371875 0.6115954828125 0.5819415453125 0.588093290625 0.5584551156249999 0.5430474234375 0.5427974953125 0.5175867140625 0.553235909375 0.5003122546875 0.592379959375 0.4940845234375 0.6236952 0.49604303906249997 0.647181628125 0.5097526515624999 0.6602296437499999 0.5156282 0.657620040625 0.5273792953124999 0.6341336109375 0.5430474234375 0.621085596875 0.5606740671875 0.628914403125
5 0.5724251640625 0.7437369515625 0.576342196875 0.681106471875 0.580259228125 0.6497912312499999 0.5724251640625 0.6419624203125001 0.5567570359375 0.6445720234375 0.5453749515624999 0.6393528171875 0.5293378125 0.6680584546875 0.5195452328125 0.7098121078124999 0.5097526515624999 0.748956159375 0.4940845234375 0.79592901875 0.503877103125 0.8115866390625 0.5234622640625 0.8220250531250001 0.552840003125 0.7802713984375 0.5724251640625 0.7437369515625
5 0.5783007109375 0.8402922765625 0.54696445625 0.8376826734374999 0.5293378125 0.8559498968750001 0.5179454828125001 0.9029227546874999 0.5685081328125 0.9107515656249999 0.6018029031250001 0.9107515656249999 0.6233465796875 0.9081419609375001 0.629222128125 0.8950939453125001 0.6233465796875 0.866388309375 0.6076784515625 0.8455114828125 0.5783007109375 0.8402922765625
5 0.6488072890625001 0.6732776609375 0.6370561921875 0.647181628125 0.625305096875 0.647181628125 0.6057199343749999 0.6602296437499999 0.597885871875 0.6628392468750001 0.59592735625 0.7437369515625 0.597885871875 0.8037578296874999 0.5998443875 0.8298538625 0.6135539999999999 0.8350730703125 0.6370561921875 0.827244259375 0.6546828359375 0.7907098125 0.6527243203124999 0.7385177453125 0.6488072890625001 0.6732776609375
5 0.709521284375 0.892484340625 0.7114798 0.8689979140625 0.7134383171875001 0.8376826734374999 0.709521284375 0.79592901875 0.7193138625 0.7620041750000001 0.7291064453125 0.725469728125 0.7271479281250001 0.68893528125 0.7036457359375 0.6732776609375 0.6918946390625 0.6758872640625 0.6781850281249999 0.68893528125 0.6648890578125 0.7463465546875 0.6566413515625 0.764613778125 0.6527243203124999 0.782881003125 0.6527243203124999 0.832463465625 0.6546828359375 0.8611691031250001 0.6781850281249999 0.8977035484375 0.6977701875 0.8950939453125001 0.709521284375 0.892484340625
5 0.7349819921875 0.9081419609375001 0.762401215625 0.9029227546874999 0.77023528125 0.8585594999999999 0.7761108265625001 0.8220250531250001 0.7800278609375 0.764613778125 0.7486916031249999 0.722860125 0.7315034781249999 0.71764091875 0.723230896875 0.730688934375 0.723230896875 0.7437369515625 0.71539683125 0.7724425890625 0.705604253125 0.8220250531250001 0.705604253125 0.866388309375 0.7134383171875001 0.8950939453125001 0.7349819921875 0.9081419609375001
5 0.787861925 0.6654488515625 0.803530053125 0.6524008343750001 0.8094056015625 0.6184759921875 0.8113641156250001 0.592379959375 0.7839448921875001 0.5793319421875001 0.7369405078125 0.5767223390625 0.6879776078125001 0.5767223390625 0.637459590625 0.5897703562500001 0.6311806437499999 0.602818371875 0.6311806437499999 0.6132567859375 0.635097675 0.6341336109375 0.6585998671875 0.6602296437499999 0.70168721875 0.6680584546875 0.7467330890625 0.6706680578124999 0.787861925 0.6654488515625
5 0.7134383171875001 0.53235908125 0.709521284375 0.495824634375 0.6997287046875 0.46450939375000005 0.686019090625 0.4436325671875 0.668807553125 0.433194153125 0.6566413515625 0.42797494687500004 0.6566413515625 0.451461378125 0.6585998671875 0.48538622187499997 0.6625168984375 0.5088726515625 0.684060575 0.5506263046875 0.7134383171875001 0.5506263046875 0.7134383171875001 0.53235908125
5 0.789820440625 0.394050103125 0.79177895625 0.35490605468749997 0.7800278609375 0.339248434375 0.766769934375 0.339248434375 0.731064959375 0.373173278125 0.705604253125 0.4201461375 0.7036457359375 0.47494780781249996 0.709521284375 0.5062630484375 0.7291064453125 0.5167014609375 0.7545671515625 0.490605428125 0.7741523124999999 0.433194153125 0.789820440625 0.394050103125
5 0.8564099828125 0.331419625 0.8387833390624999 0.31837160781249996 0.8348663078125 0.31837160781249996 0.8191981796875 0.31837160781249996 0.8000771468749999 0.3131524015625 0.8015715359375 0.3601252625 0.8015715359375 0.40709812031250003 0.803530053125 0.433194153125 0.8191981796875 0.4410229640625 0.8427003718750001 0.41492692968749995 0.8583684999999999 0.38622129374999997 0.8564099828125 0.3601252625 0.8564099828125 0.331419625
5 0.79177895625 0.56106471875 0.8133226328125 0.5480167015624999 0.8270322453125001 0.534968684375 0.84074185625 0.5114822546875 0.8427003718750001 0.48799582499999994 0.84074185625 0.467118996875 0.8348663078125 0.461899790625 0.8216288703125001 0.4462421703125 0.79177895625 0.4723382046875 0.77806934375 0.48799582499999994 0.762401215625 0.5036534453125 0.7447745718750001 0.524530271875 0.7388990234375 0.553235909375 0.7526086375000001 0.566283925 0.7682767640625 0.568893528125 0.79177895625 0.56106471875
5 0.905372884375 0.43058455 0.926916559375 0.3783924828125 0.9367091421874999 0.34446764218750003 0.9288750765625 0.31837160781249996 0.9097950140625001 0.3131524015625 0.901455853125 0.3157620046875 0.8720781125 0.362734865625 0.862285534375 0.39144049999999997 0.8564099828125 0.4097077234375 0.8583684999999999 0.433194153125 0.8857877234375 0.4410229640625 0.8916632718749999 0.4410229640625 0.905372884375 0.43058455
5 0.9347506250000001 0.52192066875 0.9352652328125 0.4462421703125 0.8857877234375 0.46450939375000005 0.8564099828125 0.467118996875 0.850534434375 0.48799582499999994 0.8583684999999999 0.5167014609375 0.8857877234375 0.527139875 0.905372884375 0.527139875 0.926916559375 0.52192066875 0.9347506250000001 0.52192066875
5 0.8074470843749999 0.8011482265625001 0.785903409375 0.8037578296874999 0.7721937953125 0.8220250531250001 0.7721937953125 0.8689979140625 0.7844031640625 0.9055323578125 0.8094056015625 0.9055323578125 0.84074185625 0.9003131515625 0.84074185625 0.8950939453125001 0.8387833390624999 0.8768267218749999 0.8348663078125 0.8429018796875001 0.828990759375 0.8194154499999999 0.8074470843749999 0.8011482265625001
5 0.8564099828125 0.9081419609375001 0.903917271875 0.9081419609375001 0.8838292093750001 0.8689979140625 0.862285534375 0.8350730703125 0.846617403125 0.8220250531250001 0.828990759375 0.8220250531250001 0.8270322453125001 0.866388309375 0.8368248250000001 0.8950939453125001 0.846617403125 0.9055323578125 0.8564099828125 0.9081419609375001
5 0.9092899156250001 0.7698329859374999 0.8877462406250001 0.7463465546875 0.866202565625 0.7437369515625 0.84074185625 0.7437369515625 0.8172396640624999 0.7515657625000001 0.8020363937500001 0.788100209375 0.8152811468750001 0.8063674328125 0.8270322453125001 0.827244259375 0.8603270171874999 0.82463465625 0.8975388203125 0.8194154499999999 0.905372884375 0.8141962421875 0.9112484328124999 0.788100209375 0.9092899156250001 0.7698329859374999