5 0.57578125 0.65859375 0.0734375 0.0640625
5 0.4890625 0.68828125 0.071875 0.0796875
5 0.54375 0.7203125 0.0703125 0.0609375
5 0.559375 0.76015625 0.059375 0.0453125
5 0.29765625 0.421875 0.046875 0.046875
5 0.2734375 0.4578125 0.0453125 0.04375
5 0.27421875 0.51796875 0.05 0.0625
5 0.16015625 0.55078125 0.053125 0.0578125
5 0.134375 0.58359375 0.05 0.0453125
5 0.1046875 0.62421875 0.05 0.0453125
5 0.209375 0.49609375 0.0453125 0.0625
5 0.24296875 0.48671875 0.0390625 0.0578125
5 0.2671875 0.3734375 0.04375 0.04375
5 0.2546875 0.41171875 0.034375 0.04375