5 0.69375 0.6171875 0.1046875 0.0953125
5 0.615625 0.70859375 0.0828125 0.065625
5 0.6984375 0.70546875 0.103125 0.0890625
5 0.728125 0.72890625 0.103125 0.090625
5 0.3078125 0.57265625 0.0890625 0.1015625
5 0.31171875 0.61796875 0.0546875 0.0546875
5 0.33046875 0.67421875 0.0640625 0.0578125
5 0.25859375 0.69140625 0.0578125 0.05625
5 0.24296875 0.7640625 0.0578125 0.0640625
5 0.22109375 0.81796875 0.0875 0.0625
5 0.21953125 0.86640625 0.053125 0.059375
5 0.2578125 0.5484375 0.040625 0.0421875
5 0.27578125 0.58125 0.0765625 0.071875