5 0.35234375 0.6984375 0.0796875 0.05546875
5 0.43359375 0.75 0.0578125 0.05078125
5 0.3765625 0.7703125 0.0765625 0.0625
5 0.33984375 0.81875 0.08203125 0.06015625
5 0.71484375 0.4828125 0.0359375 0.0578125
5 0.73671875 0.53984375 0.03828125 0.05078125
5 0.73203125 0.5890625 0.0453125 0.053125
5 0.8078125 0.58671875 0.0671875 0.0484375
5 0.84765625 0.66796875 0.04296875 0.0484375
5 0.9234375 0.7546875 0.053125 0.0453125
5 0.765625 0.4390625 0.053125 0.053125
5 0.89765625 0.7078125 0.04296875 0.06015625