5 0.4359375 0.38671875 0.1515625 0.2296875
5 0.08515625 0.50390625 0.1703125 0.2515625
5 0.519091346875 0.4100138453125 0.500279940625 0.39919390625 0.4771534375 0.4035521375 0.4711829625 0.4577172140625 0.4756455 0.48229120625000005 0.4852653703125 0.52889914375 0.52628731875 0.47827265625 0.5331146890625 0.44715106718750003 0.519091346875 0.4100138453125
5 0.424027109375 0.6389835875000001 0.428415928125 0.6436815 0.4461339578125 0.6370275109375 0.45711365937500004 0.6161733921875 0.46361684218750004 0.58491419375 0.46301041718749997 0.5421322359375 0.44365232343749994 0.522575334375 0.396069465625 0.5193874265625 0.3652587046875 0.5318237609375001 0.3462845359375 0.5464494625 0.33585151875 0.57604054375 0.3367084125 0.59908403125 0.36092828906249996 0.612199728125 0.39377835625 0.5949590875 0.4130627265625 0.5946399109375 0.4223870484375 0.612772696875 0.424027109375 0.6389835875000001
5 0.37468450937500003 0.785302109375 0.3898165453125 0.7747154593750001 0.393747715625 0.7253546890625 0.40002839687499997 0.6854961328125 0.40732873124999996 0.6432354265625 0.40378265312500006 0.6105455390625 0.39126608281249997 0.6109025078125 0.3778631484375 0.60237833125 0.36759289375000004 0.6065237765625 0.3589627015625 0.6368801140625 0.3380966703125 0.6960622812499999 0.3418497609375 0.7373449484375 0.35257765937499996 0.7872581875 0.37468450937500003 0.785302109375
5 0.22667489999999998 0.8131947859374999 0.22698510624999998 0.8275013078125 0.2457965109375 0.8383212468749999 0.2764445078125 0.8513305499999999 0.3260466328125 0.8638804921875 0.333913696875 0.8161904109375 0.3248258578125 0.7924880640625 0.2949610296875 0.7826461671875 0.265879371875 0.7759716734375 0.24329955781249998 0.78906686875 0.22667489999999998 0.8131947859374999
5 0.245974590625 0.7476778078125 0.26454951250000003 0.7640673046875001 0.27920858437499996 0.764619771875 0.291207940625 0.7413635000000001 0.31646278906249997 0.6868792421875 0.34626921718750003 0.611647259375 0.340077578125 0.6061840953125001 0.32714760625 0.5865208015625 0.316330665625 0.5819292828125 0.2953171921875 0.6013592875 0.26622021406249996 0.659882596875 0.244024325 0.70716039375 0.245974590625 0.7476778078125
5 0.2164936875 0.7720185140625 0.229512696875 0.7463600875 0.24888610781249998 0.700719190625 0.2524180359375 0.682373615625 0.2519635546875 0.6623359109375 0.262156921875 0.6042934062499999 0.2546354234375 0.586925871875 0.24483813593749998 0.5799322 0.21708633437499997 0.5851620765625001 0.2010083640625 0.6180269593750001 0.1957473375 0.6554833624999999 0.1915059609375 0.690537609375 0.1715858609375 0.7274415453125 0.161152846875 0.7570326296875 0.15377879218749999 0.779417253125 0.16357607968750001 0.786410925 0.1805846609375 0.796465609375 0.2164936875 0.7720185140625
5 0.18491507499999998 0.7160896421875 0.19527437187500002 0.6666224781250001 0.1992792625 0.6371377859375 0.20437752812499999 0.6251270234375 0.20186084375000002 0.60988390625 0.183999784375 0.6079722765625 0.1388401546875 0.634162665625 0.12001343125 0.6885405296875 0.11114675468749999 0.7244664234375 0.1010239453125 0.7683640281249999 0.1242241671875 0.7838818765625 0.149153490625 0.7802889000000001 0.16758096875 0.7569262359375 0.18491507499999998 0.7160896421875
5 0.29140134375 0.585522259375 0.3232317578125 0.5706837734375 0.3349946296875 0.5529970609375 0.3390732421875 0.5433884499999999 0.3383917078125 0.5289243078125 0.29698789375 0.4971745828125 0.25191730625000003 0.47804325312499996 0.2076298890625 0.4620793296875 0.1772920953125 0.4633765484375 0.168898384375 0.4881633265625 0.16105136250000002 0.5216870671875 0.170375684375 0.5398198562500001 0.206195671875 0.5606944765625 0.2486802671875 0.5758931484375001 0.29140134375 0.585522259375
5 0.346935584375 0.44466690781249996 0.3597181109375 0.424578040625 0.3747764265625 0.3941153109375 0.38395330625 0.3724959375 0.3707149515625 0.372546528125 0.350793034375 0.3754300546875 0.33001604218749997 0.389290503125 0.3087660859375 0.4142900671875 0.2908852921875 0.446389696875 0.2837477203125 0.4632047640625 0.310790075 0.4746835625 0.346935584375 0.44466690781249996
5 0.282580625 0.42585475625 0.30468747343749997 0.42389867812500004 0.32233178281249997 0.3973686078125 0.34194167656249996 0.34615815 0.33685873125 0.2929711140625 0.317247621875 0.24779208593750002 0.3050436359375 0.2426118015625 0.288108775 0.2524331984375 0.2746168 0.2892307375 0.2737445890625 0.3313850515625 0.269340453125 0.391884940625 0.282580625 0.42585475625
5 0.217783340625 0.2877861234375 0.229220690625 0.32099068750000004 0.2467022375 0.319906253125 0.25870159375 0.2966499828125 0.2770553515625 0.25341123906249996 0.296784703125 0.210756396875 0.27714439375 0.20808951874999998 0.2627218046875 0.20196749375 0.259116159375 0.2004369875 0.23779248125 0.205560471875 0.22657629531249998 0.23198415 0.2145769390625 0.2552404203125 0.217783340625 0.2877861234375
5 0.2592913625 0.455658628125 0.265099078125 0.4269391890625 0.2570308921875 0.400834690625 0.24872622500000002 0.38029975 0.24222437968750002 0.36053006249999997 0.224943921875 0.32484524531250003 0.2066408765625 0.33408588125 0.1991930984375 0.3365944265625 0.18923304999999999 0.3550463953125 0.18185899375 0.377431021875 0.185301878125 0.404407165625 0.19282337656249998 0.4217747015625 0.20755616875 0.44220324843750003 0.22613109062499998 0.45859274375 0.2415733296875 0.46231261718749994 0.2592913625 0.455658628125
5 0.1962231796875 0.298479165625 0.207202884375 0.277625046875 0.20893198281249997 0.2585142171875 0.21113405312500003 0.22826427656249998 0.20244545781249998 0.1735467328125 0.1957888734375 0.1678862109375 0.17618627656250002 0.165235340625 0.1587784484375 0.186195853125 0.154537078125 0.2212501015625 0.1539750703125 0.27771093750000003 0.162516221875 0.2926763203125 0.1679246921875 0.2949720796875 0.1962231796875 0.298479165625
5 0.134276134375 0.3742431140625 0.16359427499999998 0.375348046875 0.18202175625 0.3519853828125 0.1847705125 0.3304724015625 0.1587478125 0.3165914515625 0.1203410984375 0.28044398125000003 0.09124485156249999 0.3503074796875 0.098456146875 0.3533684921875 0.11624789843750001 0.3665905828125 0.134276134375 0.3742431140625
5 0.040910362500000005 0.7144976296875 0.0319699640625 0.73054744375 0.0299306578125 0.7353517484375 0.0567365265625 0.752400103125 0.079751390625 0.762169334375 0.10526531875 0.73330978125 0.12361907812499999 0.6900710359375 0.118136884375 0.6678991953125 0.0993254796875 0.6570792578125 0.07235685 0.6654765406250001 0.057771499999999996 0.6848001546875 0.040910362500000005 0.7144976296875
5 0 0.731151846875 0.0124491125 0.73643618125 0.0224828828125 0.7378602937500001 0.0355756109375 0.7320779500000001 0.055805914062499996 0.7094805390625 0.071337196875 0.66787869375 0.055111785937500005 0.6609914156250001 0.035590928125 0.6668801515625 0.002504378125 0.68969035 0 0.691779428125 0 0.731151846875
5 0.0092580265625 0.6386926796875 0.041472365625 0.6580367953125 0.0711007125 0.6734482500000001 0.09007488125 0.65882255 0.1094043140625 0.6471826203125 0.109684775 0.60761209375 0.091109853125 0.591222596875 0.067673146875 0.5812743046875 0.046822435937500004 0.5752586734375 0.0178144984375 0.5884602625 0.0088741015625 0.6045100765625 0.0040860406250000005 0.6308273609375 0.0092580265625 0.6386926796875