5 0.66796875 0.26953125 0.0609375 0.059375
5 0.6234375 0.29765625 0.0640625 0.053125
5 0.571875 0.29921875 0.084375 0.0640625
5 0.6421875 0.37578125 0.0859375 0.071875
5 0.20234375 0.23203125 0.0515625 0.0578125
5 0.3234375 0.36875 0.0390625 0.05
5 0.25703125 0.3734375 0.034375 0.05
5 0.30859375 0.428125 0.034375 0.0421875
5 0.31875 0.471875 0.0671875 0.0546875
5 0.221875 0.26953125 0.0546875 0.046875
5 0.23515625 0.3078125 0.04375 0.0546875
5 0.2671875 0.45625 0.034375 0.040625
5 0.2765625 0.49453125 0.0359375 0.0390625