5 0.3578125 0.6765625 0.08671875 0.06953125
5 0.4625 0.7359375 0.071875 0.04296875
5 0.38359375 0.7609375 0.08671875 0.0625
5 0.3640625 0.79296875 0.08671875 0.06484375
5 0.70546875 0.50234375 0.06484375 0.084375
5 0.7171875 0.546875 0.04296875 0.04296875
5 0.71875 0.60546875 0.053125 0.04296875
5 0.7921875 0.59765625 0.0453125 0.04296875
5 0.83203125 0.66015625 0.04296875 0.053125
5 0.87109375 0.703125 0.0796875 0.03828125
5 0.8890625 0.7484375 0.03828125 0.0484375
5 0.74375 0.4625 0.03125 0.03359375
5 0.73828125 0.5 0.0625 0.053125